<?xml version="1.0"?>
<opencv_storage>
<K type_id="opencv-matrix">
  <rows>3</rows>
  <cols>3</cols>
  <dt>f</dt>
  <data>
    1000. 0. 50. 0. 1000. 50. 0. 0. 1.</data></K>
<R type_id="opencv-matrix">
  <rows>3</rows>
  <cols>3</cols>
  <dt>f</dt>
  <data>
    8.9442719100000001e-01 -2.1414918307399999e-01
    3.9260683563700000e-01 0. -8.7789557291400000e-01
    -4.7885213068100002e-01 4.4721359550000001e-01
    4.2829836614900002e-01 -7.8521367127300001e-01</data></R>
<t type_id="opencv-matrix">
  <rows>3</rows>
  <cols>1</cols>
  <dt>f</dt>
  <data>
    -8.5445780411100003e-01 3.2721562263190003e+00
    3.9449835857159998e+00</data></t>
<P type_id="opencv-matrix">
  <rows>3</rows>
  <cols>4</cols>
  <dt>f</dt>
  <data>
    8.9442719100000001e-01 -2.1414918307399999e-01
    3.9260683563700000e-01 -8.5445780411100003e-01 0.
    -8.7789557291400000e-01 -4.7885213068100002e-01
    3.2721562263190003e+00 4.4721359550000001e-01 4.2829836614900002e-01
    -7.8521367127300001e-01 3.9449835857159998e+00</data></P>
</opencv_storage>
