<?xml version="1.0"?>
<opencv_storage>
<K type_id="opencv-matrix">
  <rows>3</rows>
  <cols>3</cols>
  <dt>f</dt>
  <data>
    180.0 0.0 0.0 
    0.0 180.0 0.0 
    0.0 0.0 1.0
  </data>
</K>
<P1 type_id="opencv-matrix">
  <rows>3</rows>
  <cols>4</cols>
  <dt>f</dt>
  <data>
    0.894427191000 -0.214149183074 0.392606835637 -1.000000000000 
    0.000000000000 -0.877895572914 -0.478852130681 1.000000000000 
    0.447213595500 0.428298366149 -0.785213671273 5.000000000000</data></P1>
<P2 type_id="opencv-matrix">
  <rows>3</rows>
  <cols>4</cols>
  <dt>f</dt>
  <data>
    0.998968540210 -0.021743555180 0.039863184497 0.000000000000 
    0.000000000000 -0.877895572914 -0.478852130681 1.000000000000 
    0.045407660919 0.478358213963 -0.876990058931 5.000000000000</data></P2>
</opencv_storage>
