<?xml version="1.0"?>
<opencv_storage>
<K type_id="opencv-matrix">
  <rows>3</rows>
  <cols>3</cols>
  <dt>f</dt>
  <data>
    500.0 0.0 50.0 
    0.0 500.0 50.0
    0.0 0.0 1.0
  </data>
</K>
<P1 type_id="opencv-matrix">
        <rows>3</rows>
        <cols>4</cols>
        <dt>f</dt>
        <data>
            0.894427191000 -0.214149183074 0.392606835637 -1.000000000000
            0.000000000000 -0.877895572914 -0.478852130681 1.000000000000
            0.447213595500 0.428298366149 -0.785213671273 5.000000000000
        </data>
    </P1>
    <P2 type_id="opencv-matrix">
        <rows>3</rows>
        <cols>4</cols>
        <dt>f</dt>
        <data>
            0.998968540210 -0.021743555180 0.039863184497 0.000000000000
            0.000000000000 -0.877895572914 -0.478852130681 1.000000000000
            0.045407660919 0.478358213963 -0.876990058931 5.000000000000
        </data>
    </P2>
    <P3 type_id="opencv-matrix">
        <rows>3</rows>
        <cols>4</cols>
        <dt>f</dt>
        <data>
            0.925546956206  0.181309144919 -0.332400099018 1.000000000000
            0.000000000000 -0.877895572914 -0.478852130681 1.000000000000
            -0.378632845721 0.443200132024 -0.812533575377 5.000000000000
        </data>
    </P3>
    <P4 type_id="opencv-matrix">
        <rows>3</rows>
        <cols>4</cols>
        <dt>f</dt>
        <data>
            0.894427191000 -0.040488816509 0.445376981598 -1.000000000000
            0.000000000000 -0.995893206468 -0.090535746043 -0.000000000000
            0.447213595500 0.080977633018 -0.890753963197 5.000000000000
        </data>
    </P4>
    <P5 type_id="opencv-matrix">
        <rows>3</rows>
        <cols>4</cols>
        <dt>f</dt>
        <data>
            0.998968540210 -0.004111016457 0.045221181030 0.000000000000
            0.000000000000 -0.995893206468 -0.090535746043 0.000000000000
            0.045407660919 0.090442362061 -0.994865982670 5.000000000000
        </data>
    </P5>
    <P6 type_id="opencv-matrix">
        <rows>3</rows>
        <cols>4</cols>
        <dt>f</dt>
        <data>
            0.925546956206  0.034279807164 -0.377077878799 1.000000000000
            0.000000000000 -0.995893206468 -0.090535746043 0.000000000000
            -0.378632845721 0.083795084177 -0.921745925952 5.000000000000
        </data>
    </P6>
    <P7 type_id="opencv-matrix">
        <rows>3</rows>
        <cols>4</cols>
        <dt>f</dt>
        <data>
            0.894427191000 0.152832143980 0.420288395945 -1.000000000000
            0.000000000000 -0.939793423488 0.341743063087 -1.000000000000
            0.447213595500 -0.305664287960 -0.840576791891 5.000000000000
        </data>
    </P7>
    <P8 type_id="opencv-matrix">
        <rows>3</rows>
        <cols>4</cols>
        <dt>f</dt>
        <data>
            0.998968540210 0.015517753130 0.042673821107 -0.000000000000
            0.000000000000 -0.939793423488 0.341743063087 -1.000000000000
            0.045407660919 -0.341390568859 -0.938824064361 5.000000000000
        </data>
    </P8>
    <P9 type_id="opencv-matrix">
        <rows>3</rows>
        <cols>4</cols>
        <dt>f</dt>
        <data>
            0.925546956206 -0.129395148482 -0.355836658325 1.000000000000
            0.000000000000 -0.939793423488 0.341743063087 -1.000000000000
            -0.378632845721 -0.316299251844 -0.869822942572 5.000000000000
        </data>
    </P9>
</opencv_storage>
