<?xml version="1.0"?>
<opencv_storage>
<K type_id="opencv-matrix">
  <rows>3</rows>
  <cols>3</cols>
  <dt>f</dt>
  <data>
    180.0 0.0 0.0 
    0.0 180.0 0.0 
    0.0 0.0 1.0
  </data>
</K>
<R type_id="opencv-matrix">
  <rows>3</rows>
  <cols>3</cols>
  <dt>f</dt>
  <data>
     0.998968540210 -0.021743555180
             0.039863184497
             0.000000000000
            -0.877895572914
            -0.478852130681
             0.045407660919
             0.478358213963
            -0.876990058931</data></R>
<t type_id="opencv-matrix">
  <rows>3</rows>
  <cols>1</cols>
  <dt>f</dt>
  <data>
    1. 0. 0.</data></t>
<P type_id="opencv-matrix">
  <rows>3</rows>
  <cols>4</cols>
  <dt>f</dt>
  <data>
    0.998968540210 -0.021743555180
    0.039863184497 1. 0.000000000000
   -0.877895572914 -4.7885213068100002e-01
    0. 4.4721359550000001e-01 4.2829836614900002e-01
    -7.8521367127300001e-01 0.</data></P>
</opencv_storage>
